-99149.772233
-64766.940364
-42827.269893
-28997.310860
-20185.758233
-14446.286728
-10607.244845
-7968.644638
-6107.670151
-4763.768201
-3772.499560
-3027.466624
-2458.124894
-2016.606871
-1669.727330
-1394.022320
-1172.601317
-993.106438
-846.362059
-725.463991
-625.154056
-541.383469
-471.003331
-411.542105
-361.043549
-317.947247
-280.999572
-249.186652
-221.683419
-197.814548
-177.024265
-158.852837
-142.918137
-128.901085
-116.534092
-105.591826
-95.883789
-87.248334
-79.547801
-72.664557
-66.497754
-60.960661
-55.978465
-51.486442
-47.428444
-43.755630
-40.425406
-37.400534
-34.648379
-32.140272
-29.850978
-27.758228
-25.842335
-24.085859
-22.473318
-20.990942
-19.626465
-18.368936
-17.208566
-16.136585
-15.145129
-14.227129
-13.376226
-12.586689
-11.853345
-11.171520
-10.536981
-9.945895
-9.394784
-8.880484
-8.400122
-7.951079
-7.530965
-7.137601
-6.768996
-6.423325
-6.098920
-5.794251
-5.507912
-5.238614
-4.985170
-4.746489
-4.521563
-4.309466
-4.109342
-3.920400
-3.741908
-3.573192
-3.413623
-3.262623
-3.119653
-2.984212
-2.855839
-2.734100
-2.618596
-2.508952
-2.404820
-2.305878
-2.211821
-2.122369
-2.037257
-1.956240
-1.879086
-1.805581
-1.735523
-1.668723
-1.605004
-1.544199
-1.486153
-1.430720
-1.377763
-1.327151
-1.278764
-1.232488
-1.188214
-1.145842
-1.105277
-1.066428
-1.029211
-0.993545
-0.959355
-0.926570
-0.895123
-0.864949
-0.835989
-0.808186
-0.781486
-0.755837
-0.731192
-0.707504
-0.684731
-0.662831
-0.641765
-0.621496
-0.601989
-0.583211
-0.565130
-0.547715
-0.530939
-0.514773
-0.499193
-0.484173
-0.469690
-0.455721
-0.442246
-0.429244
-0.416696
-0.404583
-0.392887
-0.381593
-0.370684
-0.360145
-0.349960
-0.340117
-0.330603
-0.321403
-0.312507
-0.303902
-0.295578
-0.287523
-0.279728
-0.272184
-0.264880
-0.257807
-0.250958
-0.244325
-0.237898
-0.231671
-0.225637
-0.219788
-0.214119
-0.208622
-0.203291
-0.198122
-0.193107
-0.188242
-0.183522
-0.178942
-0.174496
-0.170180
-0.165991
-0.161922
-0.157972
-0.154135
-0.150407
-0.146786
-0.143267
-0.139848
-0.136525
-0.133295
-0.130155
-0.127101
-0.124132
-0.121245
-0.118436
-0.115704
-0.113047
-0.110461
-0.107944
-0.105495
