-6357.756647
-2366.740787
-823.411737
-313.844588
-135.695015
-65.860845
-35.190807
-20.341118
-12.543993
-8.162896
-5.555905
-3.926674
-2.864674
-2.146789
-1.646012
-1.287014
-1.023461
-0.825909
-0.675098
-0.558095
-0.466011
-0.392607
-0.333420
-0.285203
-0.245556
-0.212679
-0.185205
-0.162085
-0.142502
-0.125817
-0.111523
-0.099215
-0.088566
-0.079313
-0.071239
-0.064167
-0.057951
-0.052468
-0.047616
-0.043310
-0.039477
-0.036057
-0.032996
-0.030251
-0.027783
-0.025560
-0.023552
-0.021735
-0.020088
-0.018593
-0.017232
-0.015992
-0.014860
-0.013825
-0.012878
-0.012008
-0.011210
-0.010476
-0.009801
-0.009178
-0.008603
-0.008071
-0.007579
-0.007124
-0.006701
-0.006309
-0.005944
-0.005605
-0.005290
-0.004996
-0.004721
-0.004465
-0.004225
-0.004002
-0.003792
-0.003596
-0.003412
-0.003239
-0.003077
-0.002924
-0.002781
-0.002646
-0.002519
-0.002400
-0.002287
-0.002181
-0.002080
-0.001986
-0.001896
-0.001811
-0.001731
-0.001655
-0.001583
-0.001515
-0.001451
-0.001389
-0.001331
-0.001276
-0.001223
-0.001174
-0.001126
-0.001081
-0.001038
-0.000997
-0.000958
-0.000921
-0.000886
-0.000852
-0.000820
-0.000789
-0.000759
-0.000731
-0.000704
-0.000679
-0.000654
-0.000631
-0.000608
-0.000587
-0.000566
-0.000547
-0.000528
-0.000510
-0.000492
-0.000476
-0.000460
-0.000444
-0.000429
-0.000415
-0.000402
-0.000389
-0.000376
-0.000364
-0.000352
-0.000341
-0.000330
-0.000320
-0.000310
-0.000301
-0.000291
-0.000282
-0.000274
-0.000266
-0.000258
-0.000250
-0.000243
-0.000235
-0.000229
-0.000222
-0.000215
-0.000209
-0.000203
-0.000198
-0.000192
-0.000187
-0.000181
-0.000176
-0.000171
-0.000167
-0.000162
-0.000158
-0.000153
-0.000149
-0.000145
-0.000141
-0.000138
-0.000134
-0.000130
-0.000127
-0.000124
-0.000121
-0.000117
-0.000114
-0.000111
-0.000109
-0.000106
-0.000103
-0.000101
-0.000098
-0.000096
-0.000093
-0.000091
-0.000089
-0.000087
-0.000085
-0.000082
-0.000081
-0.000079
-0.000077
-0.000075
-0.000073
-0.000071
-0.000070
-0.000068
-0.000067
-0.000065
-0.000063
-0.000062
-0.000061
-0.000059
-0.000058
